669855
369868
234166
356727
477970
431483
220120
461116
577482
345699
648796
324212
62347
308195
608584
500303
149791
16050
386781
644857
587761
172751
448178
636222
70239
198572
257855
63182
555583
298357
474490
272309
69852
38802
30663
619304
541767
250783
410566
520876
596482
460989
175233
60456
99329
185444
632242
320603
201494
420650
295605
190883
593401
145411
157250
663641
343983
486587
128450
229711
186571
602940
502020
256424
641742
604166
277355
585136
185094
89548
436157
183204
622020
13017
243660
51494
198462
277529
443579
471438
28325
140812
63948
621726
286223
221198
17139
31833
37931
145589
261544
224502
78675
165191
552408
122044
99502
231391
37326
356079
320939
544965
610765
273104
557983
256052
396081
158072
533582
241287
31137
561907
453581
95086
585260
141431
387766
602400
173264
497179
78134
506290
123309
228291
1627
5862
350336
172611
308735
459144
600172
31302
405736
541082
375888
365346
127280
173596
523418
62489
414884
626038
624396
270092
51269
611283
411524
439035
543828
584788
266360
23590
421224
461151
323363
494333
538495
75326
68571
177376
534470
668744
208678
341834
611453
584566
37325
68878
159790
560744
202849
574674
588409
228872
174911
639678
170301
657917
480340
44274
572851
148327
139346
395702
609478
462710
291662
478119
538036
360233
655495
474134
359122
265800
146113
372203
251993
183438
441081
411783
145809
643931
388084
64363
202948
634478
105668
444731
622540
586009
560488
597018
135963
29979
394347
75587
564171
16154
625188
503835
376388
12455
308114
137137
278255
525709
509340
601730
110774
352049
415141
256584
397607
204852
392429
2182
240957
569580
446914
193643
557216
337547
192288
23324
439008
586636
170393
333325
4417
125726
167305
380805
138181
546901
589425
487918
402755
428910
491276
513529
182586
236562
171740
580193
512896
635652
653858
83999
535377
430917
349124
494220
170091
541412
517544
609099
529675
18083
344051
534093
215291
511356
316525
353473
459884
236095
243018
192784
665006
64439
107941
249219
372483
351163
159558
215525
316960
143561
371006
253964
645960
50275
78329
146196
591687
667356
156922
522990
87066
500974
387228
302357
413957
33898
57457
275469
269994
300476
539735
336627
436397
647676
585846
210508
400467
147031
497515
119054
362074
198666
373019
338179
248941
522830
555857
242255
591813
114407
95390
9024
17008
554100
382864
502447
587999
440321
108061
259620
142424
647797
596247
578822
27245
583720
119475
427712
132379
616990
546767
494453
217283
321413
234260
466224
245870
191744
110106
167829
306151
205497
248335
323159
161224
631199
227234
79368
401666
335295
410470
544090
313237
408344
524539
340483
322210
45641
169822
454589
64258
118216
350669
281541
439629
584929
149392
87127
178301
259499
254956
484452
536478
574773
209239
27847
536118
436473
178698
339411
101913
589168
285128
486633
327658
139813
228743
51495
185454
470047
577566
249713
588264
258380
602736
358038
244937
82274
445165
423238
341773
101748
309317
279878
6667
518556
307725
614267
356656
557905
283823
530052
477219
568951
346830
206504
110391
647055
257999
367328
447247
165710
18668
365656
495572
621404
125322
70654
33823
641969
493892
447078
73863
133355
57101
152012
53538
436309
167906
410195
324359
451729
270392
203205
422307
18849
409709
532699
665904
69335
301654
514778
235045
320322
210580
60763
271871
407384
202899
377177
379498
26937
154400
524843
231774
282984
7000
285312
120920
174906
97134
516761
28262
367526
50112
450570
457857
531303
384896
453906
600639
16695
298830
237311
337017
580892
298074
10515
318421
500974
387692
28064
599393
613575
552908
161312
298186
631390
518106
419106
207924
615241
266012
307668
384394
387606
159865
172397
249055
544761
27930
251321
632938
398242
488632
371582
380761
188334
453580
29327
90935
171417
128874
91955
186619
83409
324749
484805
116426
173000
305538
395832
189868
643033
33646
645745
360784
193511
148287
11466
139900
247699
262787
174465
47569
153047
546048
428330
412863
329773
457658
503798
572672
658014
595753
89437
71568
250647
645724
259476
495129
352890
655309
15143
326068
19100
660888
88479
284093
210802
99946
423993
529983
434215
598459
577552
658744
546134
336028
401752
277534
195313
307177
180351
183472
304557
341270
326522
626686
388622
657480
451961
71657
642934
538586
469207
63661
601101
557686
419237
213530
59259
173375
73658
493475
173461
651211
553846
121222
388866
285744
398756
584179
664403
650590
169278
299106
322005
567282
255937
112254
554907
109525
183911
599469
648111
653118
64757
650839
612432
483994
194514
1836
58997
339655
495311
303940
392493
450785
425163
111504
66674
225546
97310
132704
206281
338070
431810
599769
306979
17893
42168
263513
198900
297562
193127
177157
352307
257885
229623
294884
143506
424138
296721
202503
93938
193659
506444
557913
644444
261752
669417
112745
487298
168354
245450
95207
506424
78887
25121
215030
168262
138771
478543
367163
436333
73298
544320
118786
402665
104088
485152
546171
599708
183500
78820
95273
377160
585264
653186
423231
248643
54375
607459
137568
222729
254536
232775
130780
333423
329378
345810
501686
468150
154499
198994
306110
227797
144941
496378
630462
320511
311676
578260
250365
495176
657080
417120
273963
643971
400452
98822
294241
526309
36426
431810
79184
290962
66212
209964
624385
467073
627257
527698
336850
183383
56837
642960
411180
201778
469484
443269
593772
182787
351674
174282
79590
410382
662884
353554
384498
464963
452376
8885
321418
560284
512177
400602
252873
649871
12193
207403
447089
41077
65247
114084
224460
193566
158672
635640
466827
628156
480536
390744
141088
162356
636508
220678
572738
629537
645714
358863
424646
499717
439230
76209
461628
353034
548293
44646
333051
631968
252050
181767
3191
388779
367334
227651
582345
526006
264919
450799
555789
75600
171688
98504
309438
138341
390664
283803
98024
438006
642667
594152
267868
412042
506
59642
95222
620281
175770
499755
582394
427820
83149
585585
218226
450483
143382
202199
378116
408301
652998
264050
555383
154832
434036
194967
364655
154846
478770
462679
592852
451582
386976
262347
265252
458964
393471
431956
409390
569242
333338
321930
398689
416487
309142
18543
197116
452524
220742
646714
262452
275367
312392
147981
501681
76573
414430
196482
302901
223345
659161
297380
76555
447765
559728
413289
308356
354826
175390
47892
325695
508728
441304
54530
255360
80591
144555
523958
604598
365297
500818
268677
42291
143355
488140
543973
291410
232715
70600
594312
527543
131388
221837
604098
650635
183192
347532
289137
609501
594404
408511
265341
504759
179960
391353
90264
332033
535908
15850
338258
302832
588150
606936
345124
133132
425221
219242
424542
59564
289842
420481
587107
492712
43946
521350
473493
227138
270509
92775
238266
266540
501286
503608
101444
82873
296588
191708
486388
162642
279040
154792
465474
197335
163355
212225
330467
660058
431467
156637
49767
122936
577118
636874
615649
621064
559851
490769
249830
231987
583544
488096
498527
486457
393331
599971
640812
20065
193307
528827
254189
472347
13764
49808
71310
