669855
369868
234166
356727
477970
431483
220120
461116
577482
345699
648796
324212
62347
308195
608584
500303
149791
16050
386781
644857
587761
172751
448178
636222
70239
198572
257855
63182
555583
298357
474490
272309
69852
38802
30663
619304
541767
250783
410566
520876
596482
460989
175233
60456
99329
185444
632242
320603
201494
420650
295605
190883
593401
145411
157250
663641
343983
486587
128450
229711
186571
602940
502020
256424
641742
604166
277355
585136
185094
89548
436157
183204
622020
13017
243660
51494
198462
277529
443579
471438
28325
140812
63948
621726
286223
221198
17139
31833
37931
145589
261544
224502
78675
165191
552408
122044
99502
231391
37326
356079
320939
544965
610765
273104
557983
256052
396081
158072
533582
241287
31137
561907
453581
95086
585260
141431
387766
602400
173264
497179
78134
506290
123309
228291
1627
5862
350336
172611
308735
459144
600172
31302
405736
541082
375888
365346
127280
173596
523418
62489
414884
626038
624396
270092
51269
611283
411524
439035
543828
584788
266360
23590
421224
461151
323363
494333
538495
75326
68571
177376
534470
668744
208678
341834
611453
584566
37325
68878
159790
560744
202849
574674
588409
228872
174911
639678
170301
657917
480340
44274
572851
148327
139346
395702
609478
462710
291662
478119
538036
360233
655495
474134
359122
265800
146113
372203
251993
183438
441081
411783
145809
643931
388084
64363
202948
634478
105668
444731
622540
586009
560488
597018
135963
29979
394347
75587
564171
16154
625188
503835
376388
12455
308114
137137
278255
525709
509340
601730
110774
352049
415141
256584
397607
204852
392429
2182
240957
569580
446914
193643
557216
337547
192288
23324
439008
586636
170393
333325
4417
125726
167305
380805
138181
546901
589425
487918
402755
428910
491276
513529
182586
236562
171740
580193
512896
635652
653858
83999
535377
430917
349124
494220
170091
541412
517544
609099
529675
18083
344051
534093
215291
511356
316525
353473
459884
236095
243018
192784
665006
64439
107941
249219
372483
351163
159558
215525
316960
143561
371006
253964
645960
50275
78329
146196
591687
667356
156922
522990
87066
500974
387228
302357
413957
33898
57457
275469
269994
300476
539735
336627
436397
647676
585846
210508
400467
147031
497515
119054
362074
198666
373019
338179
248941
522830
555857
242255
591813
114407
95390
9024
17008
554100
382864
502447
587999
440321
108061
259620
142424
647797
596247
578822
27245
583720
119475
427712
132379
616990
546767
494453
217283
321413
234260
466224
245870
191744
110106
167829
306151
205497
248335
323159
161224
631199
227234
79368
401666
335295
410470
544090
313237
408344
524539
340483
322210
45641
169822
454589
64258
118216
350669
281541
439629
584929
149392
87127
178301
259499
254956
484452
536478
574773
209239
27847
536118
436473
178698
339411
101913
589168
285128
486633
327658
139813
228743
51495
185454
470047
577566
249713
588264
258380
602736
358038
244937
82274
445165
423238
341773
101748
309317
279878
6667
518556
307725
614267
356656
557905
283823
530052
477219
568951
346830
206504
110391
647055
257999
367328
447247
165710
18668
365656
495572
621404
125322
70654
33823
641969
493892
447078
73863
133355
57101
152012
53538
436309
167906
410195
324359
451729
270392
203205
422307
18849
409709
532699
665904
69335
301654
514778
235045
320322
210580
60763
271871
407384
202899
377177
379498
26937
154400
524843
231774
282984
7000
285312
120920
174906
97134
516761
28262
367526
50112
450570
457857
531303
384896
453906
600639
16695
298830
237311
337017
580892
298074
10515
318421
500974
387692
28064
599393
613575
552908
161312
298186
631390
518106
419106
207924
615241
266012
307668
384394
387606
159865
172397
249055
544761
27930
251321
632938
398242
488632
371582
380761
188334
453580
29327
90935
171417
128874
91955
186619
83409
324749
484805
116426
173000
305538
395832
189868
643033
33646
645745
360784
193511
148287
11466
139900
247699
262787
174465
47569
153047
546048
428330
412863
329773
457658
503798
572672
658014
595753
89437
71568
250647
645724
259476
495129
352890
655309
15143
326068
19100
660888
88479
284093
210802
99946
423993
529983
434215
598459
577552
658744
546134
336028
401752
277534
195313
307177
180351
183472
304557
341270
326522
626686
388622
657480
451961
71657
642934
538586
469207
63661
601101
557686
419237
213530
59259
173375
73658
493475
173461
651211
553846
121222
388866
285744
398756
584179
664403
650590
169278
299106
322005
567282
255937
112254
554907
109525
183911
599469
648111
653118
64757
650839
612432
483994
194514
1836
58997
339655
495311
303940
392493
450785
425163
111504
66674
225546
97310
132704
206281
338070
431810
599769
306979
17893
42168
263513
198900
297562
193127
177157
352307
257885
229623
294884
143506
424138
296721
202503
93938
193659
506444
557913
644444
261752
669417
112745
487298
168354
245450
95207
506424
78887
25121
215030
168262
138771
478543
367163
436333
73298
544320
118786
402665
104088
485152
546171
599708
183500
78820
95273
377160
585264
653186
423231
248643
54375
607459
137568
222729
254536
232775
130780
333423
329378
345810
501686
468150
154499
198994
306110
227797
144941
496378
630462
320511
311676
578260
250365
495176
657080
417120
273963
643971
400452
98822
294241
526309
36426
431810
79184
290962
66212
209964
624385
467073
627257
527698
336850
183383
56837
642960
411180
201778
469484
443269
593772
182787
351674
174282
79590
410382
662884
353554
384498
464963
452376
8885
321418
560284
512177
400602
252873
649871
12193
207403
447089
41077
65247
114084
224460
193566
158672
635640
466827
628156
480536
390744
141088
162356
636508
220678
572738
629537
645714
358863
424646
499717
439230
76209
461628
353034
548293
44646
333051
631968
252050
181767
3191
388779
367334
227651
582345
526006
264919
450799
555789
75600
171688
98504
309438
138341
390664
283803
98024
438006
642667
594152
267868
412042
506
59642
95222
620281
175770
499755
582394
427820
83149
585585
218226
450483
143382
202199
378116
408301
652998
264050
555383
154832
434036
194967
364655
154846
478770
462679
592852
451582
386976
262347
265252
458964
393471
431956
409390
569242
333338
321930
398689
416487
309142
18543
197116
452524
220742
646714
262452
275367
312392
147981
501681
76573
414430
196482
302901
223345
659161
297380
76555
447765
559728
413289
308356
354826
175390
47892
325695
508728
441304
54530
255360
80591
144555
523958
604598
365297
500818
268677
42291
143355
488140
543973
291410
232715
70600
594312
527543
131388
221837
604098
650635
183192
347532
289137
609501
594404
408511
265341
504759
179960
391353
90264
332033
535908
15850
338258
302832
588150
606936
345124
133132
425221
219242
424542
59564
289842
420481
587107
492712
43946
521350
473493
227138
270509
92775
238266
266540
501286
503608
101444
82873
296588
191708
486388
162642
279040
154792
465474
197335
163355
212225
330467
660058
431467
156637
49767
122936
577118
636874
615649
621064
559851
490769
249830
231987
583544
488096
498527
486457
393331
599971
640812
20065
193307
528827
254189
472347
13764
49808
71310
248601
333516
473259
238805
95128
629896
288572
289547
608642
327074
306823
559851
217070
127737
139826
520540
41426
29550
349212
599365
422881
279329
570322
442946
544118
500776
98762
346610
514541
220053
489402
164769
553569
292807
403574
50324
324330
93774
339871
263117
420848
646694
224596
39545
104576
435904
560085
217484
465454
310925
146994
218481
661736
118943
63054
535999
619720
161817
284236
535888
381870
103784
102284
337066
468073
505859
387390
122548
1260
57407
457148
422108
105728
11889
533135
210305
447793
494848
499271
314875
135918
47893
533356
199281
238318
667892
65425
259665
231336
349661
197180
14833
453445
299465
351899
323145
135469
140917
445694
136729
198324
304469
630319
375534
316358
565081
657321
165778
390074
486738
480653
597474
534631
415636
126900
174576
485156
263807
434242
46637
613469
631422
132953
468541
261032
556334
121832
467983
27396
639008
604712
297202
273622
636658
2882
661462
531885
660203
228867
323586
548568
39666
322688
484826
526784
521070
659403
342085
115023
423790
460205
130119
456839
593158
598660
48017
551119
122119
516000
578516
91272
522340
277345
436376
489143
351709
499465
351173
342058
58478
76387
292253
169626
399075
107225
26555
250290
96773
368641
365313
592045
158991
495432
379029
153776
495720
498528
35040
617839
344674
15183
110739
268641
292529
618597
87929
45865
448208
510585
387923
578168
586972
81804
77939
387674
189029
175976
637964
357284
544617
404905
350956
105235
301964
60130
259011
199311
630141
365534
218778
376442
380717
329517
645083
74873
278259
63157
120739
128094
645224
580144
107889
633823
661948
185828
351642
252604
361805
391234
609888
308049
126284
290989
413285
499730
422602
73923
100669
454370
439457
319447
160957
221802
648964
136185
296675
328850
270824
488896
528427
246194
470668
636316
210162
462761
223772
561805
116993
657059
354666
128508
295253
552432
490980
110165
382307
243727
184089
482976
99724
623546
132568
260681
175493
183159
396866
543651
583492
69317
362692
442064
315511
163505
408525
597156
27894
33924
560588
144887
21128
245399
344877
316382
127976
166002
498029
581765
481211
12263
466369
580935
635810
598937
171761
212930
183724
640109
86726
97361
39572
520901
539425
426565
86033
349577
353866
185409
383502
316081
401778
476112
561480
76801
122639
91083
242803
22296
2994
54160
34559
469363
635095
71996
469927
208484
284927
55278
178738
443135
152639
289792
365663
93691
46503
451697
443269
471851
637106
228398
118078
369030
34655
81185
445831
228777
243751
18779
251073
246745
144421
285632
117735
109662
429111
659144
318146
44183
44568
568366
558800
197207
259786
254609
290899
306289
36451
135795
179767
75184
364193
369327
444214
470330
521995
291672
29252
95891
381934
280325
414118
526355
637440
531853
636017
396696
521142
355790
512361
565710
325784
401306
93063
585570
57542
455444
293486
165475
591239
473253
240660
357059
244208
86501
157534
96348
449656
258269
263721
161735
538594
7984
18235
577661
539837
55880
375984
462606
483152
289972
429944
139081
92906
594489
54796
150448
380078
348282
315924
372944
223163
628066
60148
538853
44712
289164
36828
494368
547433
300549
57730
487655
308533
75966
466943
249997
203328
173073
114230
16625
463045
544174
155707
555951
468808
281985
108027
250513
630268
423951
623457
255058
382162
85232
124056
498356
374397
160884
394352
251975
461433
452082
141257
171593
599530
608201
493072
133003
111419
8929
221111
645946
553104
376818
603525
423539
658803
41697
4198
20843
537130
627655
275901
320919
114515
399957
149420
488912
632323
615254
142514
495383
468964
355254
666976
398639
293600
561675
603125
476501
570605
154381
452592
525336
531199
457744
350502
591629
499441
354700
14100
438198
383983
290001
89262
498498
91586
310165
389037
125536
255564
603033
620920
54673
288432
618041
524795
582032
581344
458065
460160
553576
14073
314380
480539
616754
102269
161186
538528
3338
515887
552628
441536
301497
244257
530799
201622
407325
171109
590659
532861
498155
595319
483926
552829
213897
503595
479251
197556
486566
338943
657717
370287
353016
302242
180971
299915
475993
413639
240070
479331
331153
122844
251013
632650
438583
111957
164417
247535
283066
156703
110541
111366
153650
665950
65822
439029
571172
616555
636585
387883
285643
26074
88315
638659
399798
340768
268719
205937
156034
508790
15413
487188
33261
266426
449983
543326
449865
16028
121006
134558
244213
303029
317407
469345
299124
383229
238519
200441
401412
276732
659806
17200
302806
149748
57487
104232
490516
397688
310169
646551
308105
397064
535366
341366
65118
386976
286319
514983
403004
478807
649542
48845
111982
297094
518190
482588
81950
158337
84657
554844
435069
74608
572045
139502
224357
31159
243734
116500
428847
625385
164678
67098
352595
30189
479946
489195
417166
167893
405805
221797
646700
385492
342124
88827
84213
190460
571416
237646
348797
57700
194117
185493
132308
167789
324995
428147
198948
568730
544648
627796
524260
110953
96521
278482
141143
576467
97822
629791
74505
503628
181733
122833
290747
523858
211660
446443
115945
184703
85716
536224
242403
279833
51862
446194
447623
376857
204486
48198
347214
150761
6139
273102
261715
174142
551584
474340
152237
51034
434276
298224
626144
17636
421057
318518
612976
632718
95106
130548
219048
252304
666772
532934
603620
120261
380755
452870
568601
656723
501068
245960
137630
578690
519062
470827
82977
472274
275312
235214
523308
111215
533439
479597
200333
284641
128260
143455
318986
294849
274003
609517
618635
342403
472596
552400
462664
254978
335415
432892
241846
166629
8998
450958
146946
599542
251930
229923
401961
598724
465138
326896
111566
400204
136638
311900
14990
336381
455355
405459
32857
130985
345121
651492
473388
219344
605520
337680
474322
342562
100717
46313
509191
181197
497272
57764
182367
150829
287688
584328
79699
154453
241370
191265
554657
449490
574647
641129
187498
360147
376733
220355
562615
123481
273475
366148
342825
209140
105455
218774
551702
277655
265088
462521
530334
163987
520285
42846
386298
209600
627175
537479
364053
270172
130372
248855
49807
35164
220130
308788
466794
668345
529143
359554
121972
204245
127329
464797
484867
232785
13717
366715
581922
350287
230863
442401
585756
152775
556730
302199
362376
585532
241306
56574
185849
371678
376912
307138
406842
597042
17553
203781
595532
546697
563335
47649
152569
20810
583929
637437
325077
669128
405779
308626
349560
636642
152654
336943
191044
39529
40769
553420
625061
282075
11622
212537
653753
388534
591158
390741
315721
608711
666004
312880
557035
559485
432012
39750
651777
346086
78814
378481
345359
484593
17252
96546
451380
169906
504971
642424
280918
545740
597472
307606
157961
609094
591626
141859
327773
584411
604082
45121
594749
600232
358001
481930
561344
191640
593162
543266
537726
73603
251892
284712
558196
340626
452740
411203
510532
287856
455254
193077
163742
382871
500684
393185
393592
422455
535044
51510
337011
469272
168113
261905
471131
526115
145462
362620
119382
140251
236031
657109
213854
559405
343448
102195
230176
197816
584880
142335
485672
370280
335413
51041
83296
237724
444226
476889
660179
380898
599881
398817
251797
98140
660722
53073
25882
207812
415693
145264
419545
53351
204000
633400
612756
547449
137222
244559
146892
52248
386894
632564
422528
123934
85233
577306
361658
600941
384340
423464
311984
385849
152426
563781
483989
214776
616854
581353
494070
434174
128244
243760
487525
332245
207305
430426
281321
416010
76612
428213
468258
534989
462404
292413
658923
619119
199864
422209
550206
655687
247300
263817
371681
399727
157744
257297
16130
176225
168795
510200
12027
297039
155587
499552
30911
362893
331606
312232
180530
408218
142072
648788
273352
6104
271346
333903
625223
471210
157739
505574
457042
405039
99537
230350
134911
328763
487647
222523
576470
58069
134350
588497
426591
289938
489677
457502
54458
151428
171362
234988
631128
384916
213921
234626
391020
556749
640011
346389
429586
127895
253590
216774
532934
424609
518606
69473
83517
336399
291996
61615
394468
497829
650112
151204
117912
541416
10334
172370
22989
253178
407358
654118
638094
22906
290371
359260
579655
332009
107276
339386
459904
360866
627642
394465
115621
476394
463938
270620
214420
157562
332235
608888
57018
383975
161720
174930
255536
243536
418782
350008
496714
156285
405753
536435
250673
97751
225840
160473
429760
333116
571341
219809
95610
600611
15901
282713
407150
551322
553333
621570
110511
287196
632085
167529
1316
195432
342459
328334
510450
91386
79969
337309
319153
485722
203890
569826
583473
501212
131926
414860
235956
104894
36296
403048
35650
52198
15906
514282
603520
569239
537479
44176
186580
499710
211705
259378
96769
625646
659195
607220
118659
69309
346156
437812
626514
621528
409265
611614
452886
541191
356620
90469
646085
464398
493517
83363
516596
509423
597645
521743
480289
465270
637401
68497
366607
250733
327875
534858
206524
388697
472223
325183
529489
220007
164622
557630
171680
573887
499389
26193
516705
257636
116662
492936
52180
11806
647781
640258
521229
575571
492147
403146
442468
531175
471643
210702
112054
201145
75706
390060
589843
619411
116871
449477
169563
281493
337252
412726
257008
238268
438919
103858
495905
627064
668276
619567
40497
646202
661452
633209
623401
483744
366500
396014
416547
168288
606717
528601
369433
84050
320288
289421
33606
437159
140525
274652
120280
549259
17523
377288
117673
527924
552628
15205
556615
551050
36399
597113
598879
27996
560467
552425
583223
257112
278585
329915
425400
286929
260143
196460
370979
580431
485882
476067
347736
28034
80864
539498
577294
169869
318413
96594
27939
201186
111799
656036
153863
219680
583294
82888
247676
545388
635313
161044
132645
315525
562441
629527
4081
152729
156133
446542
63306
43642
252755
482524
143158
333619
423649
50597
503489
72207
218673
602910
344875
401954
589091
498739
621634
502531
653109
270938
449546
20194
431982
582192
407202
396051
613346
411283
548780
171106
187971
13713
286230
440726
567719
429389
175972
392995
551468
81088
465202
100287
14143
211705
573723
4862
40589
525503
578875
95325
126586
358566
115519
630050
270903
594203
356246
285877
335632
306654
528465
595085
391849
144841
437438
361196
645712
613410
84336
527325
96126
549539
29239
110269
162871
602963
115131
203460
530093
24151
370267
656679
382718
557268
18501
55248
481617
446230
412607
147394
83029
271218
144106
546360
487541
581544
237701
463398
596581
322038
392350
22852
273204
493072
204604
436075
497662
391217
41162
357900
486851
482911
416206
199714
370324
506189
326444
182086
282564
140679
400962
437075
411897
545068
313581
229583
528239
551282
94608
454966
274947
486958
549300
619633
310175
84049
457335
209464
475267
569979
567364
363745
383035
385197
634941
83505
221532
291530
265591
575578
503691
666554
342799
245733
613249
656380
546798
471634
609289
43033
328227
285864
529992
207672
235642
241794
363204
23123
451259
240098
664584
420250
603843
377765
207075
568929
461270
500089
262086
128488
405812
95923
125187
78756
413138
140064
136763
361564
611698
76198
404597
270070
362062
336216
549224
669186
649493
314055
93936
502379
554153
88666
324256
488141
466431
531331
458697
329328
433047
50929
457816
169005
218334
583004
319243
631472
53213
456007
394663
66538
603687
129406
408090
295894
537104
358941
366707
516742
3142
460644
349266
557295
620792
3668
447064
417368
606481
307388
76841
369674
358317
534657
610161
648133
519288
259549
11378
643983
45701
406041
112148
51015
606929
520238
346909
474179
280807
115244
321066
283949
647370
71960
171389
598307
147110
20080
417302
83736
327469
494143
453410
87413
430427
465198
65692
351343
54893
77070
396953
172076
483111
580584
223092
420186
502449
641483
295992
113401
86872
617058
397350
64387
90645
640222
64321
237755
660302
481623
321492
317916
377393
176529
476812
137966
641728
542504
560791
98248
619574
359371
270324
504312
270100
493416
326125
102695
536527
622117
216096
25026
640803
613447
89414
61593
655296
153735
299349
645743
36986
22468
365287
414379
270479
172244
623827
313834
44893
514763
412082
66094
204280
84034
641888
545862
648932
298159
648557
515604
250421
266281
540631
292851
209873
31672
354445
195314
256889
55421
242684
293875
149371
607971
38400
491332
181842
662227
135312
298217
578618
618876
364311
184525
33055
407827
60532
12133
36131
39235
527737
358034
376998
469995
650886
658353
501667
406958
255294
88702
533861
497978
454059
84859
507577
492459
576191
19564
556314
41648
389264
465077
660525
155202
649602
95207
563029
40279
107340
599160
150996
36705
287340
527994
506700
339853
516492
409995
148438
101931
570179
12444
1537
354383
168785
509114
176988
75121
600160
63447
188252
319569
528524
250404
474772
579753
345611
367946
620032
452952
368734
172656
561139
57701
30795
397984
397554
618770
209606
545992
122328
109930
629918
123865
464314
128848
632979
42929
275451
634767
177858
463703
284481
36527
44252
160880
17907
461346
528827
637939
244443
227706
212222
207209
285407
314500
6820
84588
263415
216427
32207
385743
326357
63752
509609
192298
264082
544215
235227
539533
509127
413085
333382
195236
521094
449116
356116
539001
240607
215088
578568
556532
514276
120935
93886
201310
506917
172189
357380
100477
388616
461069
557703
45118
524821
468939
308899
119048
343299
544126
60209
254054
287357
465073
449290
138596
244334
207033
79225
556424
493604
657793
514583
338025
180355
10097
610818
17418
182286
298343
189377
570902
161040
77225
17647
16006
617646
326546
206537
362573
200818
266746
616627
559657
61964
467544
99880
377780
4722
250587
335831
498326
310007
180560
237979
490363
190657
178942
579263
372943
548767
170267
345472
111434
318975
363119
127441
266766
91293
405460
629339
363593
73833
647593
253395
135797
516764
424757
585059
521487
5490
251036
421440
315497
431596
659419
207487
23880
239988
188377
396823
190383
358645
72440
301817
7765
507041
500740
274531
669816
236345
305498
363554
310178
354718
18576
517457
201628
514816
432662
53260
520306
85325
474700
237430
588403
535747
444918
612283
177362
633295
339251
367745
322085
483173
71190
401332
391841
571930
77491
391803
209903
382989
156984
591563
67852
247043
439166
269480
92004
273455
394222
612310
430262
270550
179885
348810
207924
26430
291238
385286
659726
630489
154659
383438
515289
225849
114916
308757
199406
263889
102187
409309
646878
259172
331018
116357
506215
171811
457320
598219
445266
253169
612156
205673
523719
122186
554483
133270
220099
247348
518557
209970
207982
74843
664890
124898
300692
181433
433655
571580
445322
535843
311035
493827
196642
43680
11812
104484
215491
469132
32848
62384
52446
645004
339539
647648
168817
224167
111063
388916
471515
31247
513
81124
106090
67031
277504
478264
319946
112786
379990
95414
50256
92652
660723
246898
136332
2680
351382
423305
471812
455712
485689
595741
502343
155373
645016
72788
451022
157706
533186
324164
188954
605182
476770
366526
2358
155901
246418
322304
268687
28035
489200
318944
192169
480069
637324
328501
482749
390334
153433
356189
176191
639122
282075
80162
196122
257236
152950
48771
486424
16281
372935
5523
23090
251332
443532
25448
407233
91577
419235
77547
191094
310062
396491
383263
120276
435443
41909
4653
155922
195342
360842
403595
236091
44544
483757
503695
373262
38334
552466
189831
126098
327028
266837
149188
578360
40514
174637
387220
203573
665354
464767
394667
305561
262886
108075
497320
28474
221466
501973
184396
488290
192960
587991
126008
237504
473376
629703
610766
511710
512314
130742
637808
240969
469061
117142
220956
581057
363261
608176
114775
358760
474570
580924
65948
67601
19144
563268
167557
312092
395386
351953
130527
659828
341572
256535
298959
145093
287865
311352
58430
201806
442095
26384
442775
312783
215008
65358
223986
578269
3679
338761
338656
549732
249831
404604
18960
340457
369500
186518
652550
95031
538471
184704
156487
281670
441240
455446
426763
130732
96944
485194
332539
610521
583060
176941
253449
128213
242300
477435
108109
317461
217824
446765
197338
467655
252996
216299
209739
622496
402817
192434
119155
342915
377139
275642
624586
220006
61233
452976
350738
229659
339797
84904
170325
324484
261846
495257
452697
504146
302837
560806
151752
520661
409198
349091
389943
662195
636872
599683
614836
441316
193744
64136
114376
570883
411260
140589
192516
543976
593566
614737
103780
334990
29786
345588
659475
291632
170990
513799
125923
473827
476233
349158
396116
215576
99876
187686
207916
66893
117514
224380
508209
382741
359998
24212
355251
101404
164802
547768
645380
159995
492650
150787
566467
593918
496375
556087
287178
667365
471514
484583
542820
277892
163886
340563
493468
263762
528249
103012
402137
47391
327392
240491
430132
89017
336186
115528
190421
572470
64923
237428
134092
629055
459698
30704
553119
286218
658274
170442
355211
459933
56652
299658
67970
220539
41848
561438
484301
641579
66077
288066
19115
393469
600039
520729
482487
266370
37885
74535
168985
102808
383446
303077
133491
173289
405264
16755
530989
393683
258679
287827
255243
315331
658967
323213
607352
30960
286278
493281
74167
352356
111492
164764
147452
41676
15639
31566
379529
125006
177584
548514
227814
561030
253219
361305
135946
60110
449542
68562
453793
109848
427872
110663
496662
488466
433876
505641
590909
121781
329067
665076
545619
512041
159985
23217
553718
247106
126265
263392
372112
303849
213533
1554
266506
538234
434341
402452
598344
285511
542497
453764
395359
371996
564427
293648
190607
399930
200917
111661
521712
529984
106882
397476
372171
266868
492175
327516
585456
618441
662390
287714
252435
277550
289268
518942
145930
53754
323021
145901
339265
267145
599666
136252
639141
565720
501382
159894
295796
32444
343037
219135
633911
449920
18238
407709
118415
510414
65370
34016
530482
129387
393212
113062
406937
12625
33631
624349
66380
428135
100396
477127
25425
30207
613379
66194
667409
516389
297570
293350
548833
640607
512485
512889
492154
530724
250743
610569
442765
387595
46213
303392
516982
439425
487936
325547
452051
521568
280041
589913
351330
380437
468667
448237
482126
483674
514431
479681
330208
142146
174658
280668
184381
88771
123703
6680
21122
445928
18877
463887
235151
65090
168906
82278
504515
656842
479307
358193
580037
89494
349733
261512
541413
220028
39895
425167
33847
625808
234993
435537
169582
481133
46350
353963
569904
241535
360643
591026
89091
379520
456540
324242
516092
625446
478002
422235
14061
287455
110573
594098
376949
531789
257238
319989
81962
368615
75301
187291
396050
381776
622828
565632
193055
669178
249740
164586
312341
12011
85758
401432
463013
613780
55819
380733
640854
533821
133113
654915
151421
315168
650640
599852
248584
309505
249987
330546
8265
396770
517837
475798
108692
542292
371575
301747
541616
22943
466333
184102
106436
623573
585534
640931
567499
42980
351809
538498
576801
484922
595040
58368
201718
575825
59847
450302
286958
309834
182476
366705
36750
101940
172648
216924
644233
544224
518671
587476
638649
386631
173205
75230
411832
160366
46306
380958
203346
398116
321083
110292
284665
246268
240142
486383
223720
299990
266831
510678
11451
449307
279011
119683
551247
451659
336607
597107
326028
185423
514728
294822
643537
18078
441534
456996
178444
487841
168099
381790
287584
489182
563565
572249
137077
133852
460260
432279
505324
57236
344585
516776
578025
623596
636459
530899
405400
303212
458152
133056
560117
303025
499360
605281
392586
271040
392422
571030
160508
560521
354448
448092
451330
248158
350486
659889
453492
140891
493796
288962
269609
168526
135883
249261
193749
173969
110306
776
477181
639940
133832
438926
344592
34820
374352
67323
305860
96920
39981
537850
59068
465911
316087
581881
44214
68200
643397
569188
280574
467338
188295
550183
37491
395660
201072
302722
641112
382860
303499
448438
352945
508813
288991
99164
543633
663344
237970
251120
161891
349433
119115
292441
145489
506684
204467
261185
574885
249492
160518
185604
118457
420296
137414
155949
217583
409968
530153
188840
122973
163797
38906
547400
2756
327897
48192
617871
392868
286162
199137
554759
635595
389734
177346
111229
226564
453295
372414
203076
32932
604414
388680
151390
354855
597576
378821
643921
337690
239119
162906
532145
402917
273294
481173
477155
601192
529365
425171
395687
145672
25935
280592
182894
415670
457938
294123
43861
241378
68164
246937
274311
2723
37244
497183
429061
36447
206149
403127
445619
445268
637515
307910
249812
312437
190710
57112
315256
50220
553766
41088
195892
579701
321680
450268
396998
181245
74536
440859
422624
214182
89423
98562
288387
126667
667227
47593
234597
203521
522202
10361
50416
561345
389753
300229
203927
580463
428823
590665
32310
312734
631753
299684
294063
283579
80097
21206
464824
226115
533548
289075
440297
622971
459119
58830
151266
456491
177905
457345
61639
101735
467706
112056
64707
259087
483767
340116
241177
242735
260926
273488
626952
222824
573172
251160
577885
653270
343848
444337
209530
207541
135039
51455
232140
594159
110285
454888
452277
359672
242378
513917
461407
40229
625973
597596
370798
439885
267857
611976
84247
528783
287091
112826
153235
190408
435468
61265
245305
109462
577084
454836
388485
42269
577773
22252
38055
89685
477140
490332
449357
49663
334394
312392
161375
290512
240133
532173
132024
507991
545776
287754
366919
163012
400580
520154
353421
237676
652902
353
347138
560131
526671
137250
4027
434589
159503
42082
524274
38270
532415
303777
87934
196954
17796
249309
558949
257929
183109
92600
96065
59031
451836
534467
222043
182562
456248
646946
420238
439295
647300
169003
401054
504116
377735
405081
268851
608720
447164
123270
646991
381206
498529
136552
578160
516325
385861
538736
104400
568970
32964
271947
29628
484800
208041
251672
68989
664290
300245
489227
505212
277690
59857
307893
183434
509075
114602
452285
447940
561766
647037
496558
344599
547194
633110
324386
393664
349116
193268
569546
319714
297714
243121
349342
112659
451162
2641
181649
517079
302887
72503
423919
652059
203843
133439
165638
43063
248041
19550
562485
211434
68215
389189
556033
615409
352444
210565
339218
103188
475315
310392
494384
103174
553513
245353
215833
406302
247995
468964
325009
622364
541468
79073
604568
146938
212512
171834
190001
532036
191384
154113
73615
259599
543302
629649
205153
297374
170359
615854
400562
645674
256391
296573
150475
211531
541926
366308
617833
191548
236900
272987
144057
179995
423542
150253
326933
37682
322087
588416
569718
584953
72674
44960
174698
615977
4754
451333
314978
246595
468814
117167
293896
126832
413740
444371
338363
285811
212307
357824
477360
449207
32438
23044
629202
527463
173297
286280
565145
495384
204841
536490
481965
348997
581450
656663
366601
657687
509623
11724
234427
380065
128891
528324
506897
614113
374322
246888
301552
586629
6339
180539
365981
110259
203583
396810
637722
448363
13235
604494
345374
289558
471129
157484
40183
454207
215774
406784
442039
55543
418509
78093
435608
618882
8044
344132
634623
382367
591020
266320
370623
668841
446859
138232
109246
52069
535042
77113
500432
619760
83235
175952
310945
625846
333436
351128
410198
549211
88058
253864
6381
578049
331958
513471
598558
340002
259230
563326
52514
251878
231273
423138
250864
79759
632852
360110
131829
498039
508706
33888
447944
591941
281322
160517
619414
614759
511645
359758
565597
1330
15249
643460
579379
347207
558558
579565
17355
147933
473036
141351
399811
105937
635971
650676
185696
598968
412413
389007
498635
251264
422896
348206
244832
34363
508723
265874
50749
350514
27259
17973
423326
42508
661433
404333
389716
550136
314043
478553
99697
188706
21531
499508
294643
657503
551811
480340
658098
294370
199492
486878
617116
24015
165230
263576
58379
4098
529450
180610
426094
556709
198584
251048
599217
190162
655381
390560
141926
299569
199258
241623
488275
292272
142758
184546
279920
24715
66513
268163
319085
337487
156669
266346
361503
321899
529922
491364
397479
460999
2119
225201
347853
272185
476249
348698
533830
533257
69403
5901
162971
340144
319006
52873
632416
461764
308901
313963
486479
375414
653608
207191
43047
211904
473538
404550
533803
405087
297541
332910
267714
371142
629593
615567
643328
507469
365892
507303
370871
506778
584686
605324
177067
233837
658197
211110
97228
297244
596555
583708
74285
651790
121044
117332
193840
666064
593364
129270
472779
221050
462180
70638
663675
493400
87832
637148
331014
453725
474596
103512
290648
389427
38981
539197
24891
27324
151934
122119
396050
150116
107454
470335
132051
299981
659150
325891
367672
654141
455162
170596
276819
318969
312716
270639
142515
472031
237932
545011
255901
114155
648524
618031
575064
89132
558855
599955
116456
112416
123701
583988
262532
231156
455951
394583
531137
516728
122102
300436
501014
577264
542515
107978
297860
185376
450099
511857
657407
89658
387014
314935
203813
437165
334593
109022
526297
223593
110604
44381
336009
234306
29996
168
536944
557429
394752
469708
404302
516854
100289
306944
495745
642804
486404
123750
229808
266649
635608
288842
356307
424249
5405
560121
263041
339998
70770
190965
635074
252857
235346
372710
487163
336825
372879
425734
224399
169258
225587
628702
87739
397358
265791
583484
370308
82340
108861
1743
420471
146096
290585
106924
641827
367472
68672
306495
37616
210924
497461
74317
463781
134434
447027
281089
471259
150051
36968
25804
390791
334037
56133
478530
61541
393406
463641
503331
547228
643985
505074
297845
120226
197286
476251
163681
564759
544923
470176
4002
85992
369264
78319
621256
503699
525346
232490
376585
77025
340941
473871
467816
76605
530004
276492
138146
325037
70278
43104
202411
44408
619660
571738
236117
147092
449616
471280
113478
396166
343083
117480
482158
42493
195799
505041
617674
122772
67677
324404
199797
480100
128421
667614
628187
60052
274251
167961
385090
416011
211065
658983
531902
160871
632348
169646
379445
412109
42553
492923
138420
385636
610403
22205
499611
207829
527247
447430
330601
666406
101980
530399
548133
230401
599640
506465
290453
275518
4571
77170
21674
287119
66298
625058
447990
100273
196331
157580
512382
238884
52130
650802
624521
662533
3153
454277
271989
601882
231853
602590
598433
405315
463134
476711
37343
392919
313321
399278
70064
389375
476449
91739
6639
614229
118424
454629
44648
314756
13836
557030
553640
65966
609460
579788
130126
14240
364211
402115
616122
667546
406332
544700
474488
271094
423038
511831
65640
137986
241254
135705
527361
119330
227444
534000
63705
417350
390256
179835
62251
475574
67010
615892
613022
78097
597307
73293
92337
291663
546890
38604
360836
283368
654786
165469
554462
407969
7445
21729
545956
320182
157434
403462
439512
456360
339090
503217
203856
130973
13197
266107
606548
151690
283626
549715
229787
211079
24636
393607
574224
571526
432211
336688
256521
488625
502157
212610
226739
581085
234340
174322
231412
391774
649267
1069
178280
318502
575769
382136
449475
660448
49870
457650
213765
404979
337511
515035
17685
362147
238787
591909
335300
72625
258742
663304
561250
162527
206059
189617
73757
511881
363939
376651
233801
343351
449202
483563
63480
355116
267326
584438
417192
317196
372233
630957
123802
111371
547619
141487
545000
116551
63542
210446
189177
393766
275377
152054
556293
481436
341671
31677
394945
107238
408328
30373
522071
187676
513936
657034
614274
111407
571617
361611
500085
345477
394196
25515
456849
271960
167002
331994
388512
230544
613922
649171
25938
219444
131370
582231
102508
544524
15536
497453
651762
423864
527826
503978
611540
443389
491157
555960
626278
464401
319198
527990
140024
43539
553505
668355
386982
50653
401976
105639
352679
417526
156437
378617
636970
359289
362476
141105
233958
378012
638558
215865
203503
568011
121471
216671
341545
14255
174258
297968
478657
493456
156104
20308
608478
39754
90290
325605
90407
492266
502726
514569
239937
659163
223331
278535
420079
657289
419640
654038
436928
459826
271530
640432
357982
464483
187248
29673
478739
361506
399123
359023
256589
626709
379331
266694
666464
541103
592299
158498
363514
496652
3212
5079
557442
298026
283614
307667
356942
104881
291850
124016
564707
634862
166075
324317
429491
353323
425472
238375
116456
154740
668880
444527
111595
378356
41367
179686
321086
35293
409666
14745
531946
412879
91306
491015
112532
446402
128827
469474
622766
492159
664972
517618
457167
161192
243562
288285
585997
669034
526660
104080
225402
525685
548608
408479
305668
661457
588165
626754
98377
327976
43126
31950
142482
205915
522966
326496
652317
53420
126116
6855
545580
121233
524474
404374
353908
169663
22804
270050
168843
620946
374131
465727
548258
324366
204351
255553
387450
194143
283934
485827
593601
398542
517778
66229
604457
370889
464207
658402
495791
590323
665257
371516
113184
591358
177517
467092
91167
271803
138769
331492
222894
512900
198846
172779
238893
403197
428332
626343
668822
42411
442316
592568
440954
361721
60424
375556
134237
524632
435585
630028
516582
430988
403172
31393
423973
580689
498485
515140
254120
38882
248259
477014
623264
447105
51421
192303
251929
479753
220273
250896
522165
64216
245092
364746
425937
376998
141929
631656
231775
577515
591830
149985
410130
325147
181378
164248
307463
81491
81016
561583
120373
400757
440225
145264
178008
491646
337567
429937
301544
557841
82461
225336
23684
327553
661564
449622
106178
133639
411423
409436
112781
404880
559421
522911
60172
142426
88786
439118
295399
241284
330846
487254
642042
101216
632519
221677
664344
300231
53241
296034
259699
135702
592852
283384
534737
584562
134633
640916
119828
617538
380497
232609
352564
341545
157147
484218
483971
317415
324963
109516
558700
655810
596770
602369
158653
559434
154191
153143
261293
278914
520659
592474
486099
515138
277485
350981
501327
412118
393524
621155
431284
175648
183909
113993
588675
341056
669693
474274
60099
324802
655272
20426
382239
653669
622795
612374
543249
178613
167144
206169
457527
89430
200270
273771
604569
477756
26380
436041
220019
491386
387342
52930
68662
642733
238405
657337
385417
238244
533238
445516
634528
518655
465942
346912
502470
418882
360913
447346
668977
528058
653515
528131
617488
183930
132048
552202
661686
229910
389871
283333
122923
178840
407745
191585
151718
646151
250550
537135
286022
113933
384278
250695
632589
180365
669089
536686
874
360147
314177
669851
218350
297837
599610
237466
553249
133285
191295
616563
363195
581166
301523
557600
90151
39413
79331
313352
87191
401363
252114
373213
586778
636393
623908
620994
146903
24769
487825
219260
456399
132147
290738
4894
501466
220493
313842
456343
353778
505138
403051
118600
416449
106201
6346
578083
217096
157159
221580
304288
558522
473694
7646
475445
440232
33182
498067
658618
57951
316037
208023
514350
448185
570243
590727
279796
120882
234714
66284
474660
141479
540817
664743
557929
48645
1234
537639
265742
158393
89364
641512
118542
634540
649158
665469
476400
83967
493681
536645
213401
139864
146295
129378
659531
46683
121732
269472
167565
356447
407239
43853
497926
349683
38741
457482
398329
111457
325266
65698
341332
486112
37355
459874
522280
88140
455488
328825
243590
350797
195615
456991
562143
413392
586369
551819
460075
38247
222918
29268
466176
31784
144603
365729
381468
254826
224839
181424
366283
621587
318604
37760
437845
427441
569116
290270
587063
426231
20722
160798
107173
287819
617789
669316
31356
605786
622762
562913
45660
175826
592181
583318
207610
66929
350674
660560
393237
575513
172129
89665
527246
490733
198907
366718
319801
98168
58615
237010
595882
79337
397808
33200
367156
417225
104144
469994
424638
57051
363052
470298
304359
356861
455243
511970
495272
136062
502675
218655
41721
76432
379802
640449
638647
650192
408794
288594
149987
467409
525604
76014
618228
253557
180697
387011
927
284841
187150
425565
413374
621684
297490
47879
308690
82878
559849
134108
290423
464151
424245
332144
540583
134192
374220
509376
114529
113159
199597
264517
652050
55346
340531
600423
308903
592710
317579
381313
207696
504729
208505
22698
528040
577478
70577
166876
61983
32053
300984
352406
567686
55374
86177
438415
261048
460397
349418
375578
645038
549015
41722
627233
5988
453735
629283
386373
376591
277007
97831
655769
183363
377819
8612
41549
285442
79189
279907
418907
182724
580891
101459
80556
37892
187636
590453
370422
49661
341498
147627
24844
292140
189349
53705
298128
44712
84615
86128
492785
361623
183960
478699
616468
633261
487312
59644
320330
637983
339551
69382
222335
322069
170841
374373
431443
358478
294971
132011
479621
38096
279638
575947
330236
540470
31279
29991
585182
115895
116119
408112
549000
371561
288438
495613
406449
105895
555258
56924
145506
224954
126307
439323
618506
368630
143841
380094
128735
438812
512105
608356
548390
121889
514449
280253
63986
545728
381726
649168
661623
569327
458907
540768
271034
77490
438009
7628
254868
394894
136035
471856
21475
333824
241324
639981
32599
385165
350221
161335
225604
192471
171318
104139
385842
87394
455874
449828
633123
167745
500623
26518
67217
289675
638769
409733
438648
478405
417362
95143
203444
624879
566999
224919
288848
209950
195046
321447
666597
545267
554264
222346
139365
55728
397967
525208
214604
183986
305181
177872
423213
135950
275873
490430
497107
316269
230309
337382
124819
49298
432525
399745
4322
401151
624664
364652
611101
221337
16244
607843
168231
641991
231816
307597
99346
31410
162950
313950
286878
539613
563305
40236
77190
240805
602149
645780
557074
162603
313307
83520
283383
147460
483265
287705
548611
509556
652357
489858
132521
70228
499328
300752
113846
132772
608349
213192
164182
172926
598625
451061
114167
492075
562779
191357
63025
495073
238764
21726
59303
552072
176728
342686
29677
61620
32018
649770
642658
86002
469773
105324
156231
370729
406077
270077
503501
416053
554752
69310
588980
483522
591853
33292
377224
556260
296131
511731
381478
534896
533457
440782
488595
40330
185095
589754
173432
217114
569669
146235
303116
441070
251560
530829
213426
59264
202534
118554
475317
87431
187864
394442
642435
181345
499216
349804
67750
196975
191680
520710
133498
126764
291637
622093
238576
548215
541992
412008
95474
513288
558243
398590
284503
211430
331047
569411
270694
533581
18110
76157
621012
205975
542081
593592
458802
442925
345023
526552
639900
536703
377407
103543
65094
70672
127263
303670
618887
70882
117305
115988
584170
5693
586060
270301
288606
247252
169857
559300
110978
187968
635457
133617
465425
579166
128836
254372
352236
473859
182551
322281
412189
631440
497306
477283
103739
624569
182580
124253
25596
299885
240241
609766
377061
227929
281694
665667
475181
451552
555112
657642
41147
592197
121404
578054
501508
250241
162571
183889
54245
416604
577652
537917
378189
405103
345345
481929
359817
599408
606182
385413
229438
248051
396806
8126
475980
8646
3938
281306
531680
630533
269093
572827
552875
461980
552508
384528
42366
116706
639899
168093
533310
547696
36155
313126
282944
452983
125200
44388
382536
133010
429801
13601
452543
228234
21728
258668
236880
25666
611456
170187
656199
282177
144641
610701
74302
27294
396856
188150
144000
366900
356243
7455
316223
392399
392064
794
247009
588746
45182
629545
51901
546465
44773
504444
104845
66501
164739
413207
163650
106341
654877
221476
388518
129663
162323
534302
156958
630661
52597
372440
327707
408840
451378
45557
202866
173587
117834
449875
92478
163016
481047
215862
111109
525821
121933
287436
663804
286673
102270
157599
393014
87292
379076
183159
216956
612881
47606
445396
645169
100203
147981
374503
509043
986
420061
113537
174573
537895
563412
338534
102538
446087
554396
213647
302053
6474
572565
296002
293147
4981
525084
87788
92273
305787
270947
380711
320295
390035
156252
295609
490238
375716
258
400909
376702
420319
514446
622758
359841
479485
291437
462379
327199
247460
77654
629252
253934
650219
326882
618564
655200
182111
107979
149101
559380
450409
529812
209820
170589
87692
505429
62455
534890
505687
463364
313219
327633
379437
266122
17619
260549
629041
551481
587749
206646
629135
618628
532063
11126
275655
480772
67954
529248
588751
217055
418773
369305
148494
628593
611377
236186
535650
3977
101221
371482
467341
485923
100743
248405
82190
118362
580436
112859
71470
498330
319505
30750
518586
181713
41877
195868
64112
109831
55262
652864
398368
545517
423796
546862
575738
365318
113194
441533
369295
285897
214642
238263
173447
315385
558150
255638
505230
540214
368497
576700
440171
89629
607451
288902
342825
50955
484771
406937
232268
611515
389946
630636
487177
215370
579125
393060
652170
93946
164738
423093
451326
379381
62983
624773
24911
22761
210556
601623
562975
650535
508469
333291
141792
517547
622194
484617
568502
437110
221699
202397
378770
13273
234660
267574
300125
143930
660635
282440
237877
227000
35678
19348
606381
170144
644121
32920
192905
256305
634543
86025
308467
544639
419316
450259
392331
443137
336503
290978
281874
558203
564857
62271
642958
129662
329846
273228
273593
320626
627150
511470
619108
64456
530818
555635
234600
576566
660037
427505
163016
26352
585012
542966
570992
405955
323370
293468
179238
61501
655929
461112
619704
550931
523384
664289
10739
254857
339144
284332
646965
296439
197429
596218
360895
129874
553480
666977
36585
543662
424627
271084
641497
411266
144195
542634
147367
539047
237729
326605
600548
223803
189344
621879
176362
114355
616313
258583
369212
285602
614397
346322
653524
141971
272686
344564
343327
156311
413169
379912
101601
239423
52623
73243
650690
196818
17504
128202
137493
255233
526289
68186
550519
45778
20211
57026
231616
38151
315609
600828
395236
331633
348778
378905
473604
23091
125096
218558
250884
538265
598470
352485
107834
52721
497210
88669
321021
514714
288353
458514
171575
144787
526701
52239
262047
618394
180747
493663
656545
567838
496119
453408
229616
175042
162458
104847
198133
287555
323405
449017
227447
323502
203130
335281
376223
30485
495432
98872
616682
113930
557386
118402
330199
485714
242123
592247
505735
494352
487537
563908
392335
313801
347461
23578
560325
509920
128425
160085
199102
523312
609103
426549
176959
213860
91976
624665
315827
587408
53682
334136
102966
12695
524020
433165
498410
96288
427039
405772
590640
244722
299825
384602
630005
647287
408180
520476
558834
608087
10706
88081
461544
21436
514630
638504
306778
8233
664796
622606
667124
48623
358369
100235
61318
212535
533400
631210
380305
290585
367128
301091
535307
68580
87320
566939
46012
495501
489042
6473
505215
571231
94554
296905
592667
10812
337036
301073
90527
331977
325306
87796
452082
13820
188031
513400
226355
51577
546238
606661
342162
314993
309379
279096
383573
396699
247662
501068
293827
66850
507541
200670
638081
3723
497575
632375
86017
164756
263593
176544
568215
588899
264341
350442
4347
452372
193987
230702
575431
141852
238990
319220
456845
619851
669798
242046
418178
247606
73259
42150
314456
652282
242820
282682
57632
142022
316684
143649
378260
580278
320194
276620
570804
656017
627062
575151
438534
222677
207481
415593
436011
517953
64958
223002
467950
64902
536530
216273
312508
609789
329905
28591
663698
644208
382755
51476
116375
29584
266607
494636
11489
586801
172883
582294
644445
201573
559072
413125
424250
168180
230345
190406
16279
295303
484890
484229
431687
351565
30647
74340
362981
360552
174413
428307
334905
557168
479783
522763
586753
76535
419026
669724
64964
591909
582163
39554
123627
542863
524161
619359
41188
84651
211393
128949
451437
26428
613178
213269
449476
45452
359092
214084
477487
533505
642391
214019
420819
452319
66927
409199
600337
485953
409068
66928
479490
392859
177964
4744
265867
32271
624104
378537
188404
165642
507487
639841
263552
522292
254738
114655
567745
613830
328740
375377
477480
301276
589396
299926
155223
57951
39270
157187
615386
519821
224115
496503
242825
402079
501248
580174
505832
526979
360338
24382
94248
197970
65850
429282
121890
320588
543938
91262
336045
202823
466639
215153
575581
457662
515079
60949
587095
554350
218136
604109
404316
513733
430757
48768
245958
262150
628942
153417
190756
319425
249281
285004
588878
315132
44432
112395
37347
588370
203657
444875
192820
71923
660028
98546
601067
505252
230978
518308
461229
520596
452562
267172
364475
284946
315940
12060
547097
346509
165477
139480
67562
414759
424485
58067
131518
468917
170462
240347
458914
445601
15367
53361
517524
5540
151907
520218
582275
454367
368671
373649
305109
222860
42449
669584
507807
358389
11789
456531
106526
248748
596011
245570
663507
422123
303637
196652
292667
545581
437000
153208
392809
452367
206569
240478
529390
429959
90841
441810
214471
530995
217086
591062
155482
259535
590791
64916
19552
4207
592929
126078
252956
590568
443130
318090
342836
148394
514743
37131
24120
353370
190339
488411
135882
396909
59034
66899
157013
221357
580191
442966
153979
127423
364174
309462
386958
356592
445860
477992
360800
368935
5697
15383
289648
448827
404955
34111
597221
321325
71242
22968
4840
261582
511379
212205
658491
641895
279104
217131
264880
189441
61724
418859
388346
425898
129948
176931
184118
575809
654924
544918
346371
660621
631783
636019
511076
366883
275
438442
18354
143000
532893
23194
404582
374417
306881
464700
417940
585986
83458
12965
177054
145182
503306
565400
642563
633255
72476
228308
610691
57545
103371
287207
119794
136781
324853
630870
575146
396610
470939
664982
539610
333977
89804
345819
110022
396685
212146
527962
312816
295604
612409
489870
512269
445860
456897
556459
480742
529374
114912
493060
586919
289765
181894
36858
498028
506747
69355
403319
304985
540295
398447
174740
204417
559733
592042
385921
286563
134333
244028
1007
501420
258064
562359
343834
105552
349402
301920
586294
208921
416832
480982
197467
108224
662876
305808
606252
571251
375163
339716
206381
317085
139790
452603
521503
29668
374790
237569
316232
580606
553080
388721
412171
212771
281225
157632
318323
630627
459552
306245
241175
206529
117372
438643
314753
181875
74596
251150
83271
521241
662348
289652
168472
132284
72401
91602
233434
518673
400653
621148
429424
355360
340014
243222
568132
621240
400854
288082
653494
190551
594327
224815
468562
113326
663458
184942
295202
139681
507574
449955
62549
500068
69753
231021
33979
213636
394105
267413
133936
124904
218707
634843
551746
630203
208210
450023
581588
609065
68251
565228
129761
64205
120188
598324
249014
185273
184893
544216
324954
22613
324316
458985
522681
465551
91634
556660
80814
485739
225700
286233
12270
515889
251221
564017
476238
530913
415667
459453
470123
555400
354826
1512
619606
546496
1463
198765
61914
186356
144608
458350
208969
540406
318963
61795
407585
410597
20082
559881
226481
317265
176259
310234
234781
498962
275878
41164
360021
21690
572100
160289
577091
257071
233283
598324
205195
234746
198716
338591
421103
414806
198569
31699
356839
517532
164977
94569
258274
256541
56078
556237
573806
303819
268098
138733
132927
543976
251379
492948
565667
153624
54864
544385
482178
359630
544336
89000
594376
144679
427591
417106
630967
27787
448806
317951
616801
15410
484003
276702
271951
540081
163085
247385
245527
502665
457600
378454
376787
39124
273029
344081
264231
399376
218611
148036
89151
164574
237036
85154
309253
66254
502261
270365
94042
352694
659798
40988
368104
473946
317691
41682
415654
552258
289067
661182
385068
76812
441263
163482
115937
44438
507563
451650
515296
56319
599686
604447
292375
238349
19746
601628
304603
593489
273620
470127
347810
263564
511116
117541
139137
230434
159224
554792
184319
448291
617601
569387
596586
389009
134497
114150
433447
642060
565800
278888
100007
567113
284962
392382
135607
376191
395638
511692
371307
669258
311965
49263
334449
224708
238286
545069
455142
397510
430006
639461
247429
449234
610475
174160
168388
75117
288310
3463
47323
255737
353833
218812
152995
638796
611194
360084
416614
408459
201921
118066
479345
513886
167329
143939
68739
405616
19153
523881
204753
520641
564969
523664
300020
577072
27969
539891
53816
387761
543354
172621
643498
227332
391433
198120
267755
332773
558204
14514
71377
90271
132581
550722
604157
371392
96289
74524
178635
186924
32
454871
109193
565002
308680
480695
543701
336650
350731
597517
126038
295712
100284
171164
523045
491717
369284
192427
226117
329116
206942
368977
419387
339523
249844
425171
112542
417615
499695
291178
6167
571210
76194
115360
466357
384874
596055
411685
123151
348414
339347
320672
644126
439631
491836
568798
261494
262747
91371
487611
591863
369795
186733
341395
110945
508060
168194
223487
327302
69516
586147
333469
640726
63968
448829
508710
520325
446512
250540
643476
125071
589888
365775
170824
431146
187756
69768
22785
450504
232621
581879
372512
4043
170239
115535
114988
79926
355211
338475
407229
424727
326250
70843
467081
390218
591155
305936
240688
439294
627959
285792
564365
619474
651567
136816
380765
169469
278066
403551
21600
582169
387057
465594
586212
557296
581129
31345
38850
266485
441303
446079
92840
97698
588404
559921
559398
581186
196002
130232
350625
225588
487506
316617
175207
469218
524916
555973
40314
133127
361151
133396
45442
78353
598991
631654
37276
510265
64627
76126
178378
577412
593687
271218
5255
583719
161284
636135
566532
428768
167994
247303
654357
655500
635402
231191
454864
490463
117309
566660
25218
478460
30202
70660
628295
629193
103941
665572
541085
240050
143325
49608
147607
138640
392308
224344
123986
553592
190625
20663
383988
358619
339448
439972
344265
304996
1308
200756
197086
118618
169043
222304
668560
199245
364446
627001
230065
539870
24345
101296
110065
239152
222386
257673
377792
614695
553499
573260
498432
74269
593924
284047
504371
263517
54164
250263
639995
55473
451019
167227
245573
620062
461013
244278
220935
155605
201424
451000
97102
225769
552296
207167
464922
104828
536322
244341
121150
491449
147747
619582
565718
143298
305257
471716
406815
359421
52124
448438
486376
503143
17292
62094
524833
549787
306373
147395
107019
579279
598395
204121
206676
552319
482771
1743
58774
349238
317566
179924
242314
536795
201133
138178
10238
506390
609894
488536
267439
63646
267119
83960
566789
355893
146055
493249
235825
523910
640644
342845
433334
640667
546966
640010
523131
359882
43380
653387
110748
432429
163456
353062
299369
436071
562722
309608
272607
574244
199771
611528
637890
538372
25633
606306
224410
243170
501183
531717
97225
543454
204707
530560
514266
153301
572197
439024
584665
615578
422556
97040
378152
657494
521585
79148
423711
485934
460238
97945
390323
660009
39618
429840
528526
136733
437774
154563
379904
340584
87908
477129
214183
292615
409316
58595
517398
311659
569101
503691
328864
321803
600731
108643
380924
523943
259273
134780
340023
49657
304207
131973
111293
415307
633296
41447
552041
401215
196010
262090
71944
283918
140846
357609
648016
621645
416204
567041
263449
315451
400877
663795
38881
403236
174065
419805
257324
433338
626068
597347
482995
331902
59466
594289
77355
22907
635736
31023
495604
233373
364595
639030
588774
505441
326784
638417
528713
144616
535603
122307
531549
266626
187729
641912
7
361794
391862
257331
125278
419557
256306
608273
81605
387254
604189
230442
481643
641552
261465
307392
205071
626060
348049
195472
533128
4978
164034
391987
221076
29782
585776
82770
367890
103651
126309
439379
536927
518172
98338
662205
339356
354644
2251
492443
143525
8067
53030
625168
649620
314495
334187
256318
342182
12381
451790
276938
88841
17451
70552
381400
118715
57955
535652
486606
233088
661962
256130
100161
581761
425950
163993
251262
182221
166244
73851
325746
245794
126881
281059
225559
512859
615246
553359
256668
29254
335294
605088
189578
352745
5785
570978
471460
135223
508257
359693
368311
500364
17451
468472
412270
443401
34093
663533
625623
271819
139011
281514
517613
265892
634056
73317
180378
650929
28303
508529
81811
363597
443762
342871
117969
521030
315476
660912
656253
153878
422232
354709
654243
439683
224809
396658
284712
330384
461818
311962
602203
600829
664958
449962
268349
30786
594761
520209
11861
623065
358883
165154
388289
132791
508025
577741
653821
153646
568798
41846
307524
392657
468037
291912
233968
22991
90198
518680
353375
552016
232269
357206
554473
227372
137313
224449
329641
133701
74803
341502
86911
433687
506656
546683
566478
344826
454569
621926
498472
424994
65399
207623
147796
533436
499536
381764
627910
661216
302071
382912
614859
605822
70263
499477
234822
279058
54071
564463
412760
128875
307592
571153
634044
144393
447981
602149
560701
232695
554220
460800
59316
21246
668423
207113
554682
569586
660359
584219
560947
364058
297277
505952
371507
439022
335574
606329
48226
461128
500937
532468
661485
138674
433766
625674
354549
211893
557968
316877
516070
513815
107822
575387
535061
106391
184127
491370
77604
246113
405735
638552
11798
104639
474649
383306
543661
211850
319780
663369
74605
222345
525982
66235
432501
289894
22054
188678
573269
580022
505555
490966
495464
613378
467980
360670
121396
652107
182186
199000
299848
659403
239179
311646
94187
115455
25097
637848
398788
416360
631363
473393
40332
558972
611111
472833
179011
34792
661511
153907
614815
568694
644874
511906
512217
442999
202722
35240
496734
456390
305722
126727
445938
544902
509855
540125
61984
606435
579600
460772
424422
612590
335793
464754
501708
277049
339214
82346
311841
402353
236254
328283
301192
282755
170335
215036
127381
444539
250276
624115
231074
627480
152469
78639
502527
662325
618764
635994
532
599991
426911
424954
542727
92849
219853
446062
441380
630549
599890
83367
363047
166289
483132
65866
520526
653467
280902
647908
428151
602660
3795
60852
560286
156265
139491
464440
220217
159882
430579
220749
90019
187636
47330
34373
351967
267183
551917
123493
299359
481952
278342
662407
49869
91619
58418
570395
146714
339321
619930
646347
343608
623726
37345
234039
181618
248318
28625
401835
408201
530686
24211
569702
119949
71541
5702
471917
410206
557619
666892
39710
369716
275379
103744
491067
438480
162163
463090
585194
572966
413165
561687
318201
438518
659
552241
620136
248977
652348
423598
657178
513179
519291
628507
633129
662314
634209
506673
474147
521973
503710
513858
293317
180716
19229
186011
619196
181392
649101
534536
155985
463894
497850
474187
232557
498509
428055
254321
77631
482030
79546
136437
325354
465
166571
360110
662779
130926
268410
467072
54526
102265
382557
419325
354463
401786
605337
303805
654661
584583
239968
212273
450104
67963
88087
84289
566472
587624
338610
45730
399799
489638
253649
126781
490103
420221
486891
554510
551147
85447
423209
7300
259194
135911
426626
613658
609179
362108
247608
593985
348318
559058
207886
128568
627021
295973
284339
595120
213743
622949
42477
613542
514214
296127
141950
405945
117975
628842
362082
70749
115916
115436
78049
375110
322829
576157
390395
262153
268410
39630
257766
18356
598688
465652
218406
555854
163252
502745
552601
448477
527321
595079
463647
443162
292833
605597
179252
410808
564584
541334
481557
82127
656770
631088
457238
381226
537391
249260
643380
207428
288891
231291
225784
217724
98570
515672
175206
333304
348562
57952
111927
277510
54658
575574
50818
347491
511316
230070
88444
477528
173032
641483
559655
231429
4344
418520
612656
541735
667781
586181
79308
286817
219099
376575
576023
389151
222392
81374
52600
642437
139327
164527
250092
193985
141728
300910
541477
54672
602463
31548
532200
105640
74659
493482
337069
79003
313630
351352
22365
383038
339160
173155
0
629741
549730
647505
349037
173750
59025
473120
146332
198352
637647
467906
463819
181003
170444
406923
235675
103052
509954
98020
280174
584613
662984
18870
65243
306759
370223
87608
19942
39528
260763
91424
669270
212121
69075
348452
385871
128100
223199
603685
397934
262474
473218
191898
443477
643662
449
9297
148341
510403
178799
428515
425161
243410
447386
561886
550170
147754
649494
641594
258764
311884
63164
258179
524005
203721
8259
311503
403303
231458
316815
131382
493932
120179
394762
339036
165468
395211
348333
313810
235759
598614
72470
62547
172170
591338
624433
52485
69237
604072
95706
328002
317584
158870
657663
171734
434073
665922
554720
167521
299008
201680
370385
194567
393341
95293
533604
558810
561986
283564
202765
127891
212324
346717
261920
384494
268201
216499
508461
408920
222198
604167
138549
539782
164665
126358
113144
598738
193907
69491
167887
564397
342653
538272
89110
66140
35192
622714
624950
597179
236423
229342
126697
520229
576059
388617
234868
245887
6743
144956
654808
228942
150751
123502
170351
315416
249860
354977
315781
515250
495950
483668
409792
168749
423568
498902
234889
458760
523243
261466
386084
89812
490808
512781
610041
468494
303026
246537
44527
309769
391493
29480
610193
613726
152982
182172
259287
474325
608631
646551
319720
434727
531846
59657
603476
285559
558560
239992
74465
483430
501458
532031
573242
322411
446440
584911
121050
79611
233075
237059
389380
26195
266539
401201
639922
491004
583373
300836
295474
522149
277532
615194
287021
211006
76478
292124
496565
36665
532116
642512
520096
363719
576171
494965
87757
352756
410021
280290
432367
44723
517349
223374
70919
185516
26202
40986
6665
609575
341822
302139
533352
20982
318960
150518
231988
466920
514125
130180
503586
376386
174320
425309
141733
80636
250419
229490
433392
62068
581262
267386
106791
500239
562242
249192
15900
588445
290178
22565
599647
33628
396186
463144
54610
116773
15290
358080
583693
529415
488260
488906
307428
64207
315842
449161
144843
637744
80279
649717
29957
661541
318730
208230
491925
211118
457423
507825
201190
77746
601872
202464
182856
328203
665609
308948
516458
82526
667028
501779
13568
556916
392312
320996
621123
38300
100303
96112
6189
180582
147456
107628
172268
466187
315858
65821
78932
174908
573646
351604
324137
577146
554068
506993
235494
621304
146087
153580
105457
143260
655359
119025
101803
449298
440022
53072
559080
540325
220666
565269
122534
368122
74524
294802
235936
390383
432105
386350
565291
335897
68099
291055
243188
23795
128194
550164
645099
274281
105371
152184
489023
162357
271209
662309
611656
41376
45526
500881
653183
337674
467778
105862
107423
542302
472147
343360
334312
234397
59855
301231
570294
199437
592286
215109
223232
50625
166901
269958
396388
272272
422142
287039
434630
23497
279493
376431
136355
396501
278939
119684
135802
76862
225546
243225
619165
27838
658067
355104
262236
119550
656335
234157
318987
578767
520749
542219
31019
17795
213804
427408
290067
37574
116074
54842
61071
467049
502755
268908
193695
111840
388592
329497
260184
15766
644204
280976
43604
632417
636081
377322
82112
622561
611480
401099
602955
533856
344945
633975
551651
630231
463010
171863
667805
579084
298188
130503
376278
202570
399412
641455
385892
118149
372579
47704
205397
346928
328680
249002
309490
294906
27951
391602
319095
41058
194328
252195
574914
610755
287797
456710
571132
152434
30201
569082
61663
399871
29731
509423
602441
429143
552505
389961
618774
255229
437665
154317
3785
96490
474801
313275
462879
502752
106505
183601
615293
372315
507278
520352
313216
125221
307208
214493
277655
408891
113720
410801
138907
214933
321851
142975
45703
275984
532936
664478
602695
372228
220422
606480
540201
25368
321383
333225
599602
499370
516826
545040
201830
354249
467020
586528
550952
175855
202648
230235
584746
387851
42663
125280
602784
364514
268255
648488
640498
202819
44738
644821
646529
265160
581446
516875
362010
232974
180245
363239
133971
98698
238425
335802
524430
107072
323957
405527
282927
526606
635762
197818
244602
8570
323098
177531
444567
662835
227646
486692
267281
272384
461658
243956
609026
444732
90976
301181
79333
342704
664421
213305
441402
304473
620589
367459
411545
274691
103132
96099
131442
140521
293917
376044
220574
18642
625058
66768
11622
182849
624942
278904
455234
488228
594342
394405
263105
15463
97214
342438
429649
163262
555743
272679
539217
506477
640138
352389
182796
144897
448488
314238
285419
72550
91910
577475
162674
47113
45870
174296
301444
957
524682
158305
489185
449169
552711
153917
536115
51552
496356
295909
214814
453726
568588
155658
361831
610354
508047
544627
85396
286680
260492
442297
430712
352402
349917
593386
470997
467269
169309
102587
539709
95619
332374
359039
544788
215230
512957
482530
338264
410940
180067
624560
194811
150282
110363
556642
90781
618410
502896
176178
306717
93534
618475
67574
517418
370020
62587
390043
167434
231897
492630
108770
327516
226631
467810
273931
441862
382394
158089
181753
123479
338156
136459
389772
559920
246822
276560
650702
266860
181083
157025
573577
274617
177127
42779
122181
547147
176848
512224
116209
480227
406481
224979
137888
633112
94416
483302
476601
548292
43018
658355
1916
452656
196441
463171
342721
443263
141358
323568
40268
322441
552075
613846
597059
130830
58252
120867
79604
235100
34718
195813
45473
512681
492275
254843
547420
658173
139772
354167
536611
182790
414149
610009
635446
610590
474807
379795
455480
616165
104990
495749
268752
657066
511222
195956
118041
640956
388305
197645
206201
423023
464941
323156
337331
358843
578000
214896
418643
119399
640545
356881
302190
384839
368518
339263
397056
173470
120685
254164
119781
225676
80058
388533
284369
662762
655971
473892
35490
445903
73164
241691
270553
538105
636330
607884
298575
544475
152925
118846
663874
123616
475727
367691
579937
174390
108582
378621
419343
229267
632785
539124
526425
114470
329284
140939
107377
315400
614831
142867
91448
18141
456040
433483
627728
422515
371512
327931
368617
524437
446777
434119
49680
324131
131955
31245
498522
312019
409866
248010
612769
372796
188761
469339
487266
518045
610279
666125
235072
626737
210619
398002
644878
666659
161630
4379
490802
533142
332310
189564
459206
109232
623683
508887
504845
157266
540132
404994
540767
351625
54631
483681
54566
243392
283166
613314
91582
295072
609584
326654
251954
150348
54801
226978
218634
287913
302839
39581
151200
635149
300628
610407
146008
254456
520921
650853
483204
462680
385993
354117
144450
440624
167943
199016
85644
522591
142475
248708
147808
153686
575363
399763
304034
31791
28368
522668
319705
331207
633732
542387
367983
264505
482939
513991
590443
405487
566471
403793
198312
354091
159537
342762
124861
327480
613260
281987
251699
157362
530695
399507
311048
507685
200897
16709
539477
300747
610860
260809
631954
574737
204823
401564
240869
89390
245700
161457
494877
213799
636732
94817
567890
126414
509061
94378
525377
452467
376365
107221
11456
237206
578210
393987
75036
109253
482178
16140
410000
423183
348431
443582
399547
553255
175291
640416
642645
492474
203501
467667
36418
170378
633966
604308
368275
473173
28832
223797
327267
405197
331018
410205
642403
239373
134337
119067
420108
616516
135207
160254
441326
483639
5463
171019
367039
180754
213062
411311
3373
416563
280605
39791
658424
244717
45727
356844
48035
74559
580641
375302
551238
313286
115652
595269
624141
321472
44481
374395
339615
251170
606131
111086
64954
611594
282105
503475
122493
566650
244931
197349
313358
525537
308622
301927
171881
354349
60398
219916
500390
641039
666700
453256
355952
183979
378670
310239
576933
494633
14779
246693
75948
22537
357780
212385
634131
41512
117487
158251
608162
433901
427082
251666
361065
65850
625075
532946
420199
15619
83007
322217
58285
151334
105618
414238
406795
484288
54622
313874
380548
140883
560567
527978
163420
248492
141990
199178
290005
259478
428911
228312
23524
186139
551460
456071
251989
578163
319162
73815
593782
473651
396032
53694
624985
573132
467932
361925
459047
522554
5944
169740
65064
637994
99346
299966
216631
241336
499144
578118
500814
258201
208058
595820
515822
161145
382036
97956
69453
102825
243253
64862
576476
40913
118557
603088
614045
586489
295159
403238
510671
372585
644460
575735
412206
73951
205847
30465
315288
106618
608583
217729
436301
218268
215177
282268
379414
668695
451706
448867
101666
25105
513730
79769
66018
632287
13003
81690
620403
379644
556410
461219
153856
531016
438582
566063
6594
46056
596528
393364
152674
606738
611094
588976
155152
227898
272871
606048
226738
54723
456542
399886
151310
300417
479656
288810
334331
492659
370500
356362
273930
257056
147726
427786
189699
586308
323994
267775
632364
322149
661140
186666
330515
4006
177269
485667
231904
450140
493342
530124
576345
280029
260156
57800
651929
69957
346610
387887
634098
118738
74394
238173
447276
222121
67586
38602
210056
463063
306377
244048
115357
369144
430714
445872
373150
9610
333166
6681
459750
156653
608288
366241
508165
198589
495523
490239
340028
243761
279753
375753
362499
354148
15553
139920
647751
83139
250004
187952
546202
556381
503482
661560
255671
335823
509059
30448
345433
243853
108612
135329
400506
47045
573052
310298
317116
470202
202164
657144
44108
481918
434524
478089
166211
450077
19636
144107
533216
269640
403541
409564
156167
308651
472751
483320
644474
383437
585250
320053
627290
95489
455382
429424
142534
430061
69867
531132
230408
272032
518421
345999
84095
354572
154233
321788
134794
173870
537377
668011
514992
342545
479202
1304
651196
282098
556106
625816
665535
542984
276014
24598
638473
133023
454022
111153
634566
523889
43912
266601
197548
562334
612600
353125
318533
168461
5058
453328
413813
613917
451484
258950
286608
260831
331737
339431
614411
289470
295392
11718
162599
642888
36316
131218
177538
490338
313853
142249
415855
357765
408851
613403
321726
423078
296674
640260
591539
373214
423733
335497
317277
276844
665930
5512
609157
327812
344943
625195
617282
41963
636913
110027
14996
74857
312727
